123
234
345
456
567
789
1234
2345
3456
4567
5678
6789
12345
23456
34567
45678
56789
123456
234567
345678
456789
1234567
2345678
3456789
12345678
23456789
123456789
1234567890
321
432
543
654
765
876
987
4321
5432
6543
7654
8765
9876
54321
65432
76543
87654
98765
654321
765432
876543
987654
7654321
8765432
9876543
87654321
98765432
987654321
098765432
0987654321
000
0000
111
1111
222
3333
444
4444
555
5555
666
6666
777
7777
888
8888
999
9999
